function [gasDemandCurve,ElectricityDemandCurve] = energyDemandProfile()
% UK, 2023.1.3 0:00-23:00
% gasDemandCurve = [261.65;262.0419; 262.9653; 263.3031; 263.3625; 262.697; 263.1288; 264.2108; 267.2109; 267.5966; 280.0684; 282.0894; 280.7422; 283.003; 283.8287; 283.8069; 282.4563; 281.2892; 279.4337; 279.3551; 278.728; 277.9154; 278.2287; 279.8891];

% gas
gasDemandCurve = [
    247.58
248.88
251.51
252.49
251.25
251.48
252.11
251.67
253.49
253.9
253.1
254.2
254.87
258.11
257.84
258.03
258.24
258.73
256.16
256.98
256.98
250.97
250.97
251.71

];
ElectricityDemandCurve = [
    25.34
25.97
26.49
26.18
26.06
25.89
26.6
27.55
29.96
31.42
31.99
32.64
32.59
32.24
31.66
31.78
33.66
35.5
34.57
33.21
31.43
28.96
27.3
26.58
];
end