function [mpc] = NorthWestCase()
%NORTHWESTCASE Summary of this function goes here
%   Detailed explanation goes here
mpc.bus = [
    1	0	472	0	0	0	5	1	0	0	1	1	0
    2	0	436	0	0	0	5	1	0	0	1	1	0
    3	0	1332	0	0	0	5	1	0	0	1	1	0
    4	0	1000	0	0	0	5	1	0	0	1	1	0
    5	0	581	0	0	0	5	1	0	0	1	1	0
    6	0	1000	0	0	0	5	1	0	0	1	1	0
    7	0	1377	0	0	0	5	1	0	0	1	1	0
    8	0	1200	0	0	0	5	1	0	0	1	1	0
    9	0	1200	0	0	0	5	1	0	0	1	1	0
    10	0	572	0	0	0	5	1	0	0	1	1	0
    11	0	500	0	0	0	5	1	0	0	1	1	0
    12	0	572	0	0	0	5	1	0	0	1	1	0
    13	0	600	0	0	0	5	1	0	0	1	1	0
    14	0	600	0	0	0	5	1	0	0	1	1	0
    15	0	600	0	0	0	5	1	0	0	1	1	0
    16	0	300	0	0	0	5	1	0	0	1	1	0
    17	0	2000	0	0	0	5	1	0	0	1	1	0
    18	0	524	0	0	0	5	1	0	0	1	1	0
    19	0	683	0	0	0	5	1	0	0	1	1	0
    20	0	373	0	0	0	5	1	0	0	1	1	0
    21	0	426	0	0	0	5	1	0	0	1	1	0
    22	0	69	0	0	0	5	1	0	0	1	1	0
    23	0	182	0	0	0	5	1	0	0	1	1	0
    24	0	700	0	0	0	5	1	0	0	1	1	0
    25	0	700	0	0	0	5	1	0	0	1	1	0
    26	0	80	0	0	0	5	1	0	0	1	1	0
    27	0	40	0	0	0	5	1	0	0	1	1	0
    28	0	101	0	0	0	5	1	0	0	1	1	0
    29	0	1917	0	0	0	5	1	0	0	1	1	0
    30	0	1169	0	0	0	5	1	0	0	1	1	0
    31	0	1154	0	0	0	5	1	0	0	1	1	0
    32	0	1169	0	0	0	5	1	0	0	1	1	0
    33	0	540	0	0	0	5	1	0	0	1	1	0
    34	0	740	0	0	0	5	1	0	0	1	1	0
    35	0	200	0	0	0	5	1	0	0	1	1	0
    36	0	580	0	0	0	5	1	0	0	1	1	0
    37	0	1600	0	0	0	5	1	0	0	1	1	0
    38	0	420	0	0	0	5	1	0	0	1	1	0
    39	0	472	0	0	0	5	1	0	0	1	1	0
    40	0	700	0	0	0	5	1	0	0	1	1	0
    41	0	1544	0	0	0	5	1	0	0	1	1	0
    42	0	0	0	0	0	5	1	0	0	1	1	0
    43	0	400	0	0	0	5	1	0	0	1	1	0
    44	0	1600	0	0	0	5	1	0	0	1	1	0
    45	0	400	0	0	0	5	1	0	0	1	1	0
    46	0	400	0	0	0	5	1	0	0	1	1	0
    47	0	740	0	0	0	5	1	0	0	1	1	0
    48	0	600	0	0	0	5	1	0	0	1	1	0
    49	0	1516	0	0	0	5	1	0	0	1	1	0
    50	0	600	0	0	0	5	1	0	0	1	1	0
    51	0	740	0	0	0	5	1	0	0	1	1	0
    52	0	740	0	0	0	5	1	0	0	1	1	0
    53	0	400	0	0	0	5	1	0	0	1	1	0
    54	0	400	0	0	0	5	1	0	0	1	1	0
    55	0	3500	0	0	0	5	1	0	0	1	1	0
    56	0	1800	0	0	0	5	1	0	0	1	1	0
    57	0	400	0	0	0	5	1	0	0	1	1	0
    58	0	400	0	0	0	5	1	0	0	1	1	0
    59	0	1500	0	0	0	5	1	0	0	1	1	0
    60	0	400	0	0	0	5	1	0	0	1	1	0
    61	0	400	0	0	0	5	1	0	0	1	1	0
    62	0	400	0	0	0	5	1	0	0	1	1	0
    63	0	1749	0	0	0	5	1	0	0	1	1	0
    64	0	600	0	0	0	5	1	0	0	1	1	0
    65	0	845	0	0	0	5	1	0	0	1	1	0
    66	0	1100	0	0	0	5	1	0	0	1	1	0
    67	0	0	0	0	0	5	1	0	0	1	1	0
    68	0	0	0	0	0	5	1	0	0	1	1	0
    69	0	0	0	0	0	5	1	0	0	1	1	0
    70	0	0	0	0	0	5	1	0	0	1	1	0
    71	0	0	0	0	0	5	1	0	0	1	1	0
    72	0	0	0	0	0	5	1	0	0	1	1	0
    73	0	0	0	0	0	5	1	0	0	1	1	0
    74	0	0	0	0	0	5	1	0	0	1	1	0
    75	0	0	0	0	0	5	1	0	0	1	1	0
    76	0	0	0	0	0	5	1	0	0	1	1	0
    77	0	0	0	0	0	5	1	0	0	1	1	0
    78	0	0	0	0	0	5	1	0	0	1	1	0
    79	0	0	0	0	0	5	1	0	0	1	1	0
    80	0	0	0	0	0	5	1	0	0	1	1	0
    81	0	0	0	0	0	5	1	0	0	1	1	0
    82	0	400	0	0	0	5	1	0	0	1	1	0
    83	0	0	0	0	0	5	1	0	0	1	1	0
    84	0	700	0	0	0	5	1	0	0	1	1	0
    85	0	0	0	0	0	5	1	0	0	1	1	0
    86	0	0	0	0	0	5	1	0	0	1	1	0
    87	0	680	0	0	0	5	1	0	0	1	1	0
    88	0	680	0	0	0	5	1	0	0	1	1	0
    89	0	0	0	0	0	5	1	0	0	1	1	0
    90	0	856	0	0	0	5	1	0	0	1	1	0
    91	0	0	0	0	0	5	1	0	0	1	1	0
    92	0	0	0	0	0	5	1	0	0	1	1	0
    93	0	1000	0	0	0	5	1	0	0	1	1	0
    94	0	1000	0	0	0	5	1	0	0	1	1	0
    95	0	1264	0	0	0	5	1	0	0	1	1	0
    96	0	1373	0	0	0	5	1	0	0	1	1	0
    97	0	1200	0	0	0	5	1	0	0	1	1	0
    98	0	1200	0	0	0	5	1	0	0	1	1	0
    99	0	1350	0	0	0	5	1	0	0	1	1	0
    100	0	900	0	0	0	5	1	0	0	1	1	0
    101	0	0	0	0	0	5	1	0	0	1	1	0
    102	0	0	0	0	0	5	1	0	0	1	1	0
    103	0	0	0	0	0	5	1	0	0	1	1	0
    104	0	0	0	0	0	5	1	0	0	1	1	0
    105	0	1350	0	0	0	5	1	0	0	1	1	0
    106	0	1188	0	0	0	5	1	0	0	1	1	0
    107	0	1264	0	0	0	5	1	0	0	1	1	0
    108	0	1264	0	0	0	5	1	0	0	1	1	0
    109	0	0	0	0	0	5	1	0	0	1	1	0
    110	0	860	0	0	0	5	1	0	0	1	1	0
    111	0	1258	0	0	0	5	1	0	0	1	1	0
    112	0	1200	0	0	0	5	1	0	0	1	1	0
    113	0	1200	0	0	0	5	1	0	0	1	1	0
    114	0	790	0	0	0	5	1	0	0	1	1	0
    115	0	790	0	0	0	5	1	0	0	1	1	0
    116	0	790	0	0	0	5	1	0	0	1	1	0
    117	0	1264	0	0	0	5	1	0	0	1	1	0
    118	0	1200	0	0	0	5	1	0	0	1	1	0
    119	0	0	0	0	0	5	1	0	0	1	1	0
    120	0	800	0	0	0	5	1	0	0	1	1	0
    121	0	1350	0	0	0	5	1	0	0	1	1	0
    122	0	1350	0	0	0	5	1	0	0	1	1	0
    123	0	1200	0	0	0	5	1	0	0	1	1	0
    124	0	61	0	0	0	5	1	0	0	1	1	0
    125	0	715	0	0	0	5	1	0	0	1	1	0
    126	0	715	0	0	0	5	1	0	0	1	1	0
    127	0	715	0	0	0	5	1	0	0	1	1	0
    128	0	0	0	0	0	5	1	0	0	1	1	0
    129	0	1470	0	0	0	5	1	0	0	1	1	0
    130	0	1470	0	0	0	5	1	0	0	1	1	0
    131	0	0	0	0	0	5	1	0	0	1	1	0
    132	0	820	0	0	0	5	1	0	0	1	1	0
    133	0	820	0	0	0	5	1	0	0	1	1	0
    134	0	820	0	0	0	5	1	0	0	1	1	0
    135	0	0	0	0	0	5	1	0	0	1	1	0
    136	0	855	0	0	0	5	1	0	0	1	1	0
    137	0	855	0	0	0	5	1	0	0	1	1	0
    138	0	855	0	0	0	5	1	0	0	1	1	0
    139	0	0	0	0	0	5	1	0	0	1	1	0
    140	0	0	0	0	0	5	1	0	0	1	1	0
    141	0	0	0	0	0	5	1	0	0	1	1	0
    142	0	68	0	0	0	5	1	0	0	1	1	0
    143	0	0	0	0	0	5	1	0	0	1	1	0
    144	0	0	0	0	0	5	1	0	0	1	1	0
    145	0	0	0	0	0	5	1	0	0	1	1	0
    146	0	855	0	0	0	5	1	0	0	1	1	0
    147	0	68	0	0	0	5	1	0	0	1	1	0
    148	0	0	0	0	0	5	1	0	0	1	1	0
    149	0	820	0	0	0	5	1	0	0	1	1	0
    150	0	820	0	0	0	5	1	0	0	1	1	0
    151	0	820	0	0	0	5	1	0	0	1	1	0
    152	0	855	0	0	0	5	1	0	0	1	1	0
    153	0	855	0	0	0	5	1	0	0	1	1	0
    154	0	550	0	0	0	5	1	0	0	1	1	0
    155	0	0	0	0	0	5	1	0	0	1	1	0
    156	0	550	0	0	0	5	1	0	0	1	1	0
    157	0	0	0	0	0	5	1	0	0	1	1	0
    158	0	0	0	0	0	5	1	0	0	1	1	0
    159	0	600	0	0	0	5	1	0	0	1	1	0
    160	0	0	0	0	0	5	1	0	0	1	1	0
    161	0	0	0	0	0	5	1	0	0	1	1	0
    162	0	0	0	0	0	5	1	0	0	1	1	0
    163	0	68	0	0	0	5	1	0	0	1	1	0
    164	0	600	0	0	0	5	1	0	0	1	1	0
    165	0	600	0	0	0	5	1	0	0	1	1	0
    166	0	600	0	0	0	5	1	0	0	1	1	0
    167	0	100	0	0	0	5	1	0	0	1	1	0
    168	0	0	0	0	0	5	1	0	0	1	1	0
    169	0	44	0	0	0	5	1	0	0	1	1	0
    170	0	44	0	0	0	5	1	0	0	1	1	0
    171	0	44	0	0	0	5	1	0	0	1	1	0
    172	0	44	0	0	0	5	1	0	0	1	1	0
    173	0	44	0	0	0	5	1	0	0	1	1	0
    174	0	188	0	0	0	5	1	0	0	1	1	0
    175	0	100	0	0	0	5	1	0	0	1	1	0
    176	0	100	0	0	0	5	1	0	0	1	1	0
    177	0	100	0	0	0	5	1	0	0	1	1	0
    178	0	100	0	0	0	5	1	0	0	1	1	0
    179	0	100	0	0	0	5	1	0	0	1	1	0
    180	0	920	0	0	0	5	1	0	0	1	1	0
    181	0	540	0	0	0	5	1	0	0	1	1	0
    182	0	540	0	0	0	5	1	0	0	1	1	0
    183	0	700	0	0	0	5	1	0	0	1	1	0
    184	0	0	0	0	0	5	1	0	0	1	1	0
    185	0	0	0	0	0	5	1	0	0	1	1	0
    186	0	600	0	0	0	5	1	0	0	1	1	0
    187	0	0	0	0	0	5	1	0	0	1	1	0
    188	0	0	0	0	0	5	1	0	0	1	1	0
    189	0	0	0	0	0	5	1	0	0	1	1	0
    190	0	0	0	0	0	5	1	0	0	1	1	0
    191	0	0	0	0	0	5	1	0	0	1	1	0
    192	0	0	0	0	0	5	1	0	0	1	1	0
    193	0	800	0	0	0	5	1	0	0	1	1	0
    194	0	820	0	0	0	5	1	0	0	1	1	0
    195	0	800	0	0	0	5	1	0	0	1	1	0
    196	0	0	0	0	0	5	1	0	0	1	1	0
    197	0	0	0	0	0	5	1	0	0	1	1	0
];

